---
maxVel: 40.66
maxAccel: 30.0
maxAngVel: 3.141592653589793
maxAngAccel: 3.141592653589793
robotLength: 18.0
robotWidth: 18.0
driveType: "MECANUM"
trackWidth: 15.67
lateralMultiplier: 1.0
